[image]
Depth=1
Format=GRAY

[intrinsic_left_camera]
fx=252.185287
fy=252.185287
u0=179.467682
v0=123.359444

[intrinsic_right_camera]
fx=252.185287
fy=252.185287
u0=179.467682
v0=123.359444

[extrinsic]
Tx=0.119865

