[image]
Depth=1
Format=GRAY

[intrinsic_left_camera]
fx=381.000000
fy=381.000000
u0=166.223495
v0=115.695801

[intrinsic_right_camera]
fx=381.000000
fy=381.000000
u0=166.223495
v0=115.695801

[extrinsic]
Tx=0.438547

